# $Id: t.tab,v 1.1 2005/04/07 22:15:15 colby Exp $
# t.tab
# Table of response curves for silicon diode tempature sensor
# Intended to be consumed by carma.services.Table
# 117 - number of values in this file...
#| responseadjustment |
#| r |
2.0000
2.2000
2.4000
2.6000
2.8000
3.0000
3.2000
3.4000
3.6000
3.8000
4.0000
4.2000
4.4000
4.6000
4.8000
5.0000
5.5000
6.0000
6.5000
7.0000
7.5000
8.0000
8.5000
9.0000
9.5000
10.0000
10.5000
11.0000
11.5000
12.0000
12.5000
13.0000
13.5000
14.0000
14.5000
15.0000
15.5000
16.0000
16.5000
17.0000
17.5000
18.0000
18.5000
19.0000
19.5000
20.0000
21.0000
22.0000
23.0000
24.0000
25.0000
26.0000
27.0000
28.0000
29.0000
30.0000
32.0000
34.0000
36.0000
38.0000
40.0000
42.0000
44.0000
46.0000
48.0000
50.0000
52.0000
54.0000
56.0000
58.0000
60.0000
65.0000
70.0000
75.0000
80.0000
85.0000
90.0000
95.0000
100.0000
110.0000
120.0000
130.0000
140.0000
150.0000
160.0000
170.0000
180.0000
190.0000
200.0000
210.0000
220.0000
230.0000
240.0000
250.0000
260.0000
270.0000
280.0000
290.0000
300.0000
310.0000
320.0000
330.0000
340.0000
350.0000
360.0000
370.0000
380.0000
390.0000
400.0000
410.0000
420.0000
430.0000
440.0000
450.0000
460.0000
470.0000
475.0000
