::File of receiver horn offsets (dAZ & dEL)[A B C D E] read by setfreq ::	
   1   1.910 -7.126  -1.910  7.126  -7.126 -1.910   6.95   1.90    0.0    0.0
   2   1.910 -7.126  -1.910  7.126  -7.126 -1.910   7.40   1.91    0.0    0.0
   3   0.0    0.0     0.0    0.0     0.0    0.0     0.0    0.0     0.0    0.0
   4   1.910 -7.126  -1.910  7.126  -7.126 -1.910   7.20   1.80    0.0    0.0
   5   1.910 -7.126  -1.910  7.126  -7.126 -1.910   7.10   2.00    0.0    0.0
   6   1.910 -7.126  -1.910  7.126  -7.126 -1.910   7.10   1.70    0.0    0.0
   7   1.910 -7.126  -1.910  7.126  -7.126 -1.910   6.80   1.91    0.0    0.0
   8   1.910 -7.126  -1.910  7.126  -7.126 -1.910   7.20   2.25    0.0    0.0
   9   1.910 -7.126  -1.910  7.126  -7.126 -1.910   7.126  1.70    0.0    0.0
  10   1.910 -7.126  -1.910  7.126  -7.126 -1.910   6.90   2.00    0.0    0.0
