# $Id: h100.tab,v 1.1 2005/04/07 22:14:59 colby Exp $
#| lo  | osctarg | oscbcktarg | vop | lgain1 | dunno1 | dunno2 | dunno3|
#| r      | i    | i    | r   | r    | r         | r    | r |
 115.000  31868  25340  9.30  5.10   0.00075     9.35   0.03
 114.800  31849  25182  9.34  5.10   0.00067     9.37   0.20
 114.600  31823  25024  9.38  5.10   0.00060     9.42   0.10
 114.400  31785  24867  9.42  5.10   0.00058     9.67  -2.01
 114.200  31766  24709  9.46  5.10   0.00054     9.57  -0.85
 114.000  31746  24552  9.50  5.10   0.00054     9.54   0.09
 113.800  31727  24473  9.50  5.10   0.00056     9.53   0.18
 113.600  31701  24394  9.50  5.10   0.00064     9.54   0.00
 113.400  31680  24316  9.50  5.10   0.00074     9.54   0.05
 113.200  31654  24237  9.50  5.10   0.00087     9.54   0.00
 113.000  31633  24159  9.50  5.10   0.00112     9.68  -1.34
 112.800  31601  24080  9.50  5.10   0.00133     9.67  -1.26
 112.600  31583  24001  9.50  5.10   0.00152     9.53   0.18
 112.400  31560  23922  9.50  5.10   0.00184     9.55  -0.10
 112.200  31538  23843  9.50  5.10   0.00225     9.56  -0.13
 112.000  31510  23765  9.50  5.10   0.00259     9.55  -0.04
 111.800  31485  23633  9.50  5.10   0.00315     9.56  -0.12
 111.600  31467  23502  9.50  5.10   0.00365     9.53   0.16
 111.400  31439  23371  9.50  5.10   0.00457     9.53   0.22
 111.200  31415  23240  9.50  5.10   0.00533     9.54   0.10
 111.000  31380  23109  9.50  5.10   0.00660     9.55  -0.05
 110.800  31355  22977  9.50  5.10   0.00797     9.56  -0.06
 110.600  31328  22846  9.50  5.10   0.00932     9.54   0.14
 110.400  31304  22715  9.50  5.10   0.01121     9.54   0.07
 110.200  31282  22584  9.50  5.10   0.01269     9.53   0.23
 110.000  31258  22453  9.50  5.10   0.01507     9.56  -0.08
 110.000  31258  30851  9.50  5.10   0.01507     9.56  -0.08
 109.800  31235  30785  9.50  5.10   0.01640     9.53   0.19
 109.600  31201  30719  9.50  5.10   0.01859     9.53   0.22
 109.400  31175  30654  9.50  5.10   0.01944     9.53   0.17
 109.200  31141  30588  9.50  5.10   0.02144     9.54   0.09
 109.000  31119  30523  9.50  5.10   0.02116     9.53   0.20
 108.800  31090  30457  9.50  5.10   0.02302     9.56  -0.06
 108.600  31061  30391  9.50  5.10   0.02171     9.53   0.18
 108.400  31037  30326  9.50  5.10   0.02437     9.55   0.01
 108.200  31011  30260  9.50  5.10   0.02367     9.54   0.14
 108.000  30982  30195  9.50  5.10   0.02594     9.54   0.12
 107.800  30954  30116  9.50  5.10   0.02632     9.56  -0.07
 107.600  30926  30037  9.50  5.10   0.02748     9.53   0.18
 107.400  30896  29958  9.50  5.10   0.02686     9.54   0.12
 107.200  30866  29880  9.50  5.10   0.02834     9.53   0.23
 107.000  30836  29801  9.50  5.10   0.02660     9.55  -0.03
 106.800  30807  29722  9.50  5.10   0.02808     9.54   0.15
 106.600  30775  29644  9.50  5.10   0.02778     9.54   0.06
 106.400  30748  29565  9.50  5.10   0.02846     9.55   0.03
 106.200  30720  29486  9.50  5.10   0.02942     9.55   0.01
 106.000  30688  29408  9.50  5.10   0.02978     9.53   0.19
 105.800  30652  29355  9.50  5.09   0.03304     9.54   0.12
 105.600  30619  29303  9.50  5.08   0.03298     9.55  -0.00
 105.400  30583  29250  9.50  5.07   0.03545     9.54   0.17
 105.200  30551  29198  9.50  5.06   0.03614     9.54   0.14
 105.000  30519  29145  9.50  5.05   0.03797     9.55   0.00
 104.800  30486  29093  9.50  5.04   0.03804     9.55   0.03
 104.600  30457  29040  9.50  5.03   0.03945     9.53   0.25
 104.400  30419  28988  9.50  5.02   0.04025     9.53   0.19
 104.200  30380  28935  9.50  5.01   0.04686     9.55   0.04
 104.000  30350  28883  9.50  5.00   0.04815     9.52   0.26
 103.800  30305  28804  9.50  5.00   0.05358     9.54   0.11
 103.600  30281  28725  9.50  5.00   0.05359     9.54   0.13
 103.400  30241  28646  9.50  5.00   0.05514     9.55   0.07
 103.200  30206  28567  9.50  5.00   0.05380     9.54   0.15
 103.000  30167  28489  9.50  5.00   0.05544     9.54   0.07
 102.800  30131  28410  9.50  5.00   0.05372     9.54   0.16
 102.600  30095  28331  9.50  5.00   0.05519     9.55   0.05
 102.400  30048  28252  9.50  5.00   0.05552     9.53   0.19
 102.200  30014  28173  9.50  5.00   0.05663     9.55   0.05
 102.000  29975  28095  9.50  5.00   0.05510     9.53   0.25
 101.800  29952  28121  9.50  5.00   0.05052     9.54   0.17
 101.600  29911  28147  9.50  5.00   0.04480     9.53   0.17
 101.400  29887  28173  9.50  5.00   0.03493     9.55   0.07
 101.200  29840  28200  9.50  5.00   0.02957     9.53   0.16
 101.000  29803  28226  9.50  5.00   0.02100     9.53   0.22
 100.800  29769  28252  9.50  5.00   0.01701     9.52   0.27
 100.600  29728  28279  9.50  5.00   0.01167     9.54   0.10
 100.400  29679  28305  9.50  5.00   0.00907     9.54   0.11
 100.200  29637  28331  9.50  5.00   0.00881     9.54   0.07
 100.000  29589  28357  9.50  5.00   0.01283     9.53   0.21
  99.800  29545  28279  9.50  5.00   0.01892     9.54   0.10
  99.600  29496  28200  9.50  5.00   0.02553     9.54   0.13
  99.400  29447  28121  9.50  5.00   0.03143     9.54   0.20
  99.200  29409  28042  9.50  5.00   0.03651     9.53   0.27
  99.000  29360  27964  9.50  5.00   0.04082     9.55   0.10
  98.800  29317  27832  9.50  5.00   0.04917     9.55   0.09
  98.600  29267  27701  9.50  5.00   0.05757     9.54   0.23
  98.400  29208  27570  9.50  5.00   0.06646     9.54   0.24
  98.200  29153  27439  9.50  5.00   0.07441     9.54   0.16
  98.000  29107  27308  9.50  5.00   0.07828     9.54   0.24
  97.800  29044  27229  9.50  5.00   0.08681     9.55   0.11
  97.600  28994  27150  9.50  5.00   0.09093     9.54   0.23
  97.400  28941  27072  9.50  5.00   0.09982     9.55   0.15
  97.200  28892  26993  9.50  5.00   0.10290     9.55   0.15
  97.000  28832  26914  9.50  5.00   0.11152     9.54   0.20
  96.800  28786  26835  9.50  5.00   0.11394     9.54   0.25
  96.600  28733  26757  9.50  5.00   0.12094     9.54   0.19
  96.400  28675  26678  9.50  5.00   0.12555     9.54   0.23
  96.200  28620  26599  9.50  5.00   0.13109     9.55   0.15
  96.000  28560  26521  9.50  5.00   0.13236     9.44  -0.22
  95.800  28502  26403  9.50  5.00   0.14359     9.54   0.21
  95.600  28433  26284  9.50  5.00   0.14897     9.54   0.23
  95.400  28378  26166  9.50  5.00   0.15562     9.54   0.19
  95.200  28306  26048  9.50  5.00   0.16170     9.54   0.24
  95.000  28250  25930  9.50  5.00   0.16728     9.54   0.18
  94.800  28186  25812  9.50  5.00   0.17162     9.54   0.18
  94.600  28128  25694  9.50  5.00   0.17657     9.54   0.18
  94.400  28068  25576  9.50  5.00   0.18083     9.54   0.20
  94.200  28004  25458  9.50  5.00   0.18423     9.54   0.24
  94.000  27930  25340  9.50  5.00   0.19003     9.55   0.14
  93.800  27868  25208  9.50  5.00   0.19413     9.54   0.23
  93.600  27795  25077  9.50  5.00   0.20081     9.55   0.15
  93.400  27734  24946  9.50  5.00   0.20208     9.53   0.26
  93.200  27661  24815  9.50  5.00   0.20758     9.55   0.14
  93.000  27605  24683  9.50  5.00   0.20838     9.55   0.14
  92.800  27548  24552  9.50  5.00   0.20849     9.54   0.20
  92.600  27491  24421  9.50  5.00   0.20905     9.54   0.17
  92.400  27418  24289  9.50  5.00   0.21044     9.54   0.20
  92.200  27354  24158  9.50  5.00   0.21027     9.55   0.13
  92.000  27281  24027  9.50  5.00   0.20088     9.44  -0.25
  91.800  27216  23922  9.50  5.00   0.20995     9.53   0.25
  91.600  27152  23817  9.50  5.00   0.20604     9.54   0.21
  91.400  27076  23712  9.50  5.00   0.20499     9.54   0.18
  91.200  27016  23607  9.50  5.00   0.18911     9.54   0.16
  91.000  26945  23502  9.50  5.00   0.19119     9.54   0.18
  90.800  26884  23397  9.50  5.00   0.17936     9.54   0.24
  90.600  26801  23292  9.50  5.00   0.18194     9.54   0.21
  90.400  26731  23187  9.50  5.00   0.17240     9.54   0.22
  90.200  26652  23083  9.50  5.00   0.17117     9.54   0.17
  90.000  26577  22978  9.50  5.00   0.16116     9.54   0.26
  89.800  26491  22794  9.50  5.00   0.16500     9.54   0.18
  89.600  26405  22610  9.50  5.00   0.16038     9.54   0.18
  89.400  26332  22426  9.50  5.00   0.15119     9.54   0.17
  89.200  26241  22243  9.50  5.00   0.15367     9.54   0.19
  89.000  26168  22059  9.50  5.00   0.14060     9.54   0.17
  88.800  26072  21823  9.50  5.00   0.14507     9.54   0.26
  88.600  25991  21587  9.50  5.00   0.13797     9.55   0.15
  88.400  25894  21350  9.50  5.00   0.14434     9.54   0.22
  88.200  25810  21114  9.50  5.00   0.13859     9.54   0.24
  88.000  25705  20878  9.50  5.00   0.14807     9.54   0.28
  88.000  25705  28095  9.50  5.00   0.14807     9.54   0.28
  87.800  25501  27964  9.50  5.00   0.24078     9.54   0.23
  87.600  25396  27832  9.50  5.00   0.24290     9.54   0.21
  87.400  25311  27701  9.50  5.00   0.24122     9.54   0.26
  87.200  25199  27570  9.50  5.00   0.24218     9.54   0.23
  87.000  25114  27439  9.50  5.00   0.23770     9.55   0.23
  86.800  24977  27072  9.50  5.00   0.24103     9.54   0.24
  86.600  24884  26704  9.50  5.00   0.23589     9.55   0.23
  86.400  24757  26337  9.50  5.00   0.22167     9.55   0.18
  86.200  24680  25970  9.50  5.00   0.20323     9.55   0.21
  86.000  24589  25602  9.50  5.00   0.16622     9.55   0.23
  85.800  24492  25523  9.50  5.00   0.15990     9.55   0.19
  85.600  24395  25444  9.50  5.00   0.15418     9.55   0.22
  85.400  24298  25365  9.50  5.00   0.14090     9.55   0.18
  85.200  24190  25286  9.50  5.00   0.13883     9.55   0.23
  85.000  24097  25208  9.50  5.00   0.12413     9.55   0.24
  84.800  24006  25050  9.50  5.00   0.11207     9.55   0.20
  84.600  23906  24893  9.50  5.00   0.09031     9.56   0.14
  84.400  23810  24736  9.50  5.00   0.08128     9.55   0.19
  84.200  23711  24578  9.50  5.00   0.05828     9.56   0.15
  84.000  23616  24421  9.50  5.00   0.04875     9.55   0.15
  83.800  23509  24342  9.50  5.00   0.04002     9.55   0.13
  83.600  23408  24263  9.50  5.00   0.03244     9.55   0.13
  83.400  23301  24184  9.50  5.00   0.02672     9.54   0.25
  83.200  23190  24105  9.50  5.00   0.01809     9.55   0.18
  83.000  23080  24027  9.50  5.00   0.01484     9.55   0.17
  83.000  23080  28751  9.50  5.00   0.01484     9.55   0.17
  82.800  22955  28620  9.50  5.00   0.07946     9.54   0.27
  82.600  22841  28488  9.50  5.00   0.06838     9.54   0.25
  82.400  22730  28357  9.50  5.00   0.05334     9.54   0.26
  82.201  22622  28226  9.50  5.00   0.03377     9.54   0.26
  82.001  22514  28095  9.50  5.00   0.01790     9.54   0.22
  81.801  22404  28068  9.50  5.00   0.00579     9.54   0.24
  81.601  22293  28042  9.50  5.00   0.00057     9.53   0.26
  81.401  22176  28016  9.50  5.00   0.00189     9.53   0.23
  81.201  22061  27990  9.50  5.00   0.00850     9.53   0.24
  81.001  21934  27964  9.50  5.00   0.01955     9.53   0.23
  80.801  21809  27911  9.50  5.00   0.03003     9.54   0.21
  80.601  21682  27859  9.50  5.00   0.04241     9.53   0.23
  80.401  21561  27780  9.50  5.00   0.04896     9.52   0.31
  80.201  21434  27675  9.50  5.00   0.05767     9.53   0.27
  80.001  21314  27570  9.50  5.00   0.06278     9.48   0.79
  79.801  21178  27360  9.50  5.00   0.05983     9.53   0.27
  79.601  21060  27151  9.50  5.00   0.06596     9.54   0.19
  79.401  20942  26967  9.50  5.00   0.05851     9.54   0.19
  79.201  20819  26810  9.50  5.00   0.06753     9.53   0.23
  79.001  20691  26652  9.50  5.00   0.06481     9.53   0.25
  78.801  20572  26494  9.50  5.00   0.06462     9.54   0.16
  78.601  20462  26337  9.50  5.00   0.08797     9.53   0.27
  78.401  20348  26127  9.50  4.94   0.08202     9.54   0.21
  78.201  20224  25865  9.50  4.82   0.08161     9.54   0.23
  78.001  20105  25602  9.50  4.70   0.07290     9.54   0.22
  77.801  19985  25392  9.50  4.70   0.07092     9.53   0.27
  77.601  19852  25182  9.50  4.70   0.07087     9.54   0.16
  77.401  19731  24972  9.50  4.70   0.06805     9.54   0.27
  77.201  19617  24762  9.50  4.70   0.06388     9.55   0.14
  77.001  19499  24552  9.50  4.70   0.06874     9.54   0.26
  76.801  19377  24342  9.50  4.66   0.05443     9.54   0.24
  76.601  19265  24132  9.50  4.62   0.06337     9.54   0.24
  76.401  19141  23974  9.50  4.60   0.05525     9.55   0.19
  76.201  19007  23870  9.50  4.60   0.05188     9.54   0.28
  76.000  18850  23763  9.50  4.60   0.05486     9.54   0.23
  75.800  18729  23555  9.50  4.60   0.04666     9.55   0.20
  75.600  18609  23345  9.50  4.60   0.04630     9.56   0.13
  75.400  18475  23187  9.50  4.60   0.04947     9.55   0.21
  75.200  18380  23082  9.00  4.60   0.02558     9.06   0.12
  75.000  18352  22500  9.00  4.60   0.03289     9.05   0.16
  74.800  18214  22400  9.00  4.60   0.02521     9.05   0.23
  74.600  18067  22300  9.00  4.60   0.02388     9.05   0.22
  74.400  17898  22200  9.00  4.60   0.02581     9.06   0.15
  74.200  17736  22100  9.00  4.60   0.02123     9.06   0.17
# added 16nov01 as emergency measure
  74.150  18020  24000  9.00  4.60
#
  74.000  17586  22000  9.00  4.60   0.01991     9.05   0.25
  73.800  17403  21850  9.50  4.60   0.03319     9.55   0.15
  73.600  17284  21700  9.50  4.60   0.02831     9.56   0.09
  73.400  17169  21450  9.50  4.60   0.02584     9.56  -0.01
  73.200  17054  21150  9.50  4.60   0.02582     9.55   0.08
  73.000  16944  20900  9.50  4.60   0.02180     9.55   0.13
  72.800  16807  20700  9.50  4.60   0.02089     9.55   0.12
  72.800  16807  21400  9.50  4.60   0.02089     9.55   0.12
  72.600  16829  21100  9.50  4.70   0.05463     9.56   0.09
  72.400  16717  20900  9.50  4.70   0.05097     9.54   0.24
  72.200  16597  20800  9.50  4.70   0.04543     9.55   0.09
  72.000  16463  20500  9.50  4.70   0.05771     9.56   0.03
  72.000  16463  29300  9.50  4.70   0.05771     9.56   0.03
  71.800  16349  29200  9.50  4.60   0.03465     9.55   0.13
  71.600  16228  29100  9.50  4.60   0.02966     9.55   0.17
  71.400  16102  29000  9.50  4.60   0.03032     9.55   0.12
  71.200  15976  28900  9.50  4.60   0.03269     9.53   0.28
  71.000  15853  28800  9.50  4.60   0.02480     9.54   0.16
  70.800  15725  28700  9.50  4.60   0.02717     9.56  -0.02
  70.600  15596  28600  9.50  4.60   0.02736     9.55   0.11
# 70.400  OK
  70.200  15331  28671  9.50  4.78   0.02029     9.55   0.05
  70.000  15196  28619  9.50  4.75   0.01747     9.57  -0.10
  69.800  15053  28567  9.50  4.73   0.01578     9.54   0.15
  69.600  14905  28515  9.50  4.70   0.01118     9.52   0.39
