# h125.osc
# measured 16 Jan 94 with prog/learntune/learnpwr
#  using Anritsu pwr meter (cuts off below 73)
#
# lo_ghz  mmosc  mmbck   vop  lgain   mW   Vop  mmerr
# $Id: h125.tab,v 1.1 2005/04/07 22:14:59 colby Exp $
#| lo  | osctarg | oscbcktarg | vop | lgain | mW | Vop | mmerr |
#| r      | i    | i    | r   | r    | r         | r    | r |
 115.000  32531  25276  9.50  5.00   2.12  9.61 -0.07
 114.500  32470  24834  9.50  5.00   2.46  9.59  0.20
 114.000  32403  24501  9.50  5.00   2.36  9.59  0.14
 113.500  32341  24208  9.50  5.00   2.49  9.61  0.03
 113.000  32273  23923  9.50  5.00   2.41  9.62 -0.07
 112.500  32197  23644  9.50  5.00   2.47  9.76 -1.45
 112.000  32136  23383  9.50  5.00   2.55  9.60  0.07
 111.500  32058  23114  9.50  5.00   2.13  9.77 -1.62
 111.000  31999  22876  9.50  5.00   2.11  9.60  0.14
 110.500  31923  22661  9.50  5.00   1.99  9.60  0.10
 110.000  31853  22479  9.50  5.00   1.52  9.60  0.08
 109.500  31776  22337  9.50  5.00   1.79  9.60  0.07
 109.000  31699  22286  9.50  5.00   1.63  9.60  0.09
 108.500  31624  22255  9.50  5.00   1.69  9.60  0.10
 108.000  31540  22230  9.50  5.00   2.31  9.61  0.03
 107.500  31464  22248  9.50  5.00   1.74  9.59  0.18
 107.000  31383  22044  9.50  5.00   2.39  9.61  0.03
 106.500  31298  21723  9.50  5.00   2.32  9.60  0.14
 106.000  31211  21431  9.50  5.00   2.47  9.61  0.06
 105.500  31123  21047  9.50  5.00   3.29  9.59  0.20
 105.000  31031  20812  9.50  5.00   3.14  9.60  0.13
 104.500  30936  20540  9.50  5.00   3.87  9.60  0.10
 104.000  30832  20224  9.50  5.00   4.65  9.61  0.09
 103.500  30740  19946  9.50  5.00   4.39  9.60  0.10
 103.000  30634  19734  9.50  5.00   5.65  9.61  0.09
 102.500  30532  19549  9.50  5.00   5.35  9.60  0.11
 102.000  30425  19344  9.50  5.00   5.68  9.59  0.23
 101.500  30318  19152  9.50  5.00   6.72  9.60  0.16
 101.000  30211  19018  9.50  5.00   5.10  9.59  0.19
 100.500  30096  18868  9.50  5.00   6.01  9.60  0.18
 100.000  29983  18712  9.50  5.00   5.36  9.60  0.13
  99.500  29861  18582  9.50  5.00   4.99  9.59  0.24
  99.000  29734  18416  9.50  5.00   5.40  9.60  0.13
  98.500  29610  18232  9.50  5.00   4.54  9.59  0.28
  98.000  29470  17934  9.50  5.00   6.61  9.59  0.28
  97.500  29336  17626  9.50  5.00   6.98  9.59  0.22
  97.000  29188  17339  9.50  5.00   7.75  9.60  0.13
  96.500  29051  17096  9.50  5.00   9.62  9.60  0.15
  96.000  28903  16780  9.50  5.00   9.39  9.59  0.24
  95.500  28738  16437  9.50  5.00  11.83  9.59  0.27
  95.000  28585  16049  9.50  5.00  12.14  9.60  0.18
  94.500  28422  15710  9.50  5.00  12.07  9.59  0.23
  94.000  28245  15253  9.50  5.00  15.37  9.59  0.25
  94.000  28245  25918  9.50  5.00  15.37  9.59  0.25
  93.500  28085  25642  9.50  5.00  13.80  9.59  0.22
  93.000  27894  25206  9.50  5.00  16.56  9.60  0.19
  92.500  27722  24761  9.50  5.00  16.04  9.60  0.22
  92.000  27512  24390  9.50  5.00  16.58  9.59  0.22
  91.500  27321  23940  9.50  5.00  17.92  9.59  0.24
  91.000  27129  23494  9.50  5.00  16.83  9.60  0.20
  90.500  26913  22968  9.50  5.00  18.03  9.59  0.24
  90.000  26714  22484  9.50  5.00  18.00  9.60  0.18
  89.500  26486  21830  9.50  5.00  18.40  9.60  0.19
  89.000  26282  21338  9.50  5.00  19.02  9.59  0.26
  88.500  26057  20755  9.50  5.00  17.64  9.59  0.26
  88.000  25825  20203  9.50  5.00  19.38  9.60  0.21
  87.500  25609  19756  9.50  5.00  17.39  9.60  0.19
  87.000  25369  19186  9.50  5.00  17.53  9.60  0.21
  86.500  25144  18645  9.50  5.00  15.11  9.60  0.23
  86.000  24904  18192  9.50  5.00  14.30  9.59  0.28
  85.500  24667  17859  9.50  5.00  12.64  9.59  0.26
  85.000  24439  17480  9.50  5.00   8.43  9.60  0.19
  84.500  24189  17387  9.50  5.00   7.00  9.60  0.22
  84.000  23954  17300  9.50  5.00   3.42  9.60  0.19
  83.500  23703  17245  9.50  5.00   1.33  9.59  0.24
  83.000  23449  17204  9.50  5.00   0.10  9.59  0.24
  82.500  23183  17161  9.50  5.00   0.91  9.59  0.24
  82.000  22896  16905  9.50  5.00   3.88  9.59  0.25
  81.500  22589  16509  9.50  5.00   6.98  9.59  0.27
  81.000  22276  15944  9.50  5.00   8.83  9.48  1.77
  81.000  22276  29925  9.50  5.00   8.83  9.48  1.77
  80.500  21989  29468  9.50  5.00  11.47  9.59  0.23
  80.000  21685  28918  9.50  5.00  12.01  9.59  0.24
  79.500  21420  28091  9.50  5.00  12.95  9.60  0.21
  79.000  21129  27553  9.50  5.00  11.03  9.60  0.13
  78.500  20845  26864  9.50  5.00  12.25  9.60  0.20
  78.000  20591  26210  9.50  5.00   9.50  9.60  0.17
  77.500  20382  25001  9.50  5.00   6.78  9.59  0.26
  77.500  20382  25001  9.20  5.00   6.78  9.59  0.26
  77.000  20114  24867  9.20  5.00   6.08  9.30  0.22
  76.500  19829  24347  9.20  5.00   4.74  9.30  0.16
  76.000  19526  23940  9.20  5.00   5.90  9.30  0.17
  75.500  19239  23331  9.20  5.00   2.73  9.30  0.19
  75.000  18951  22902  9.20  5.00   1.63  9.29  0.24
  75.000  18951  22902  9.20  5.00   1.64  9.30  0.19
  74.500  18740  22113  9.20  5.00   1.07  9.30  0.24
  74.000  18471  21600  9.20  5.00   0.64  9.30  0.24
  73.500  18194  21200  9.20  5.00   0.07  9.30  0.20
  73.000  17917  20700  9.20  5.00   0.08  9.30  0.15
  72.500  17669  21500  9.20  5.00   0.09  9.30  0.17
  72.000  17384  21200  9.20  5.00   0.09  9.30  0.23
  71.500  17108  21000  9.20  5.00   0.10  9.30  0.17
  71.000  16821  20600  9.20  5.00   0.08  9.30  0.17
  70.500  16557  20300  9.20  5.00   0.09  9.29  0.26
  70.000  16273  20000  9.20  5.00   0.09  9.30  0.15
  69.500  16005  19400  9.20  5.00   0.11  9.29  0.24
  69.000  15723  18800  9.20  5.00   0.12  9.30  0.20
