# h138.osc
# tested 5 may 95
# fixed atten #2, Pac MM Prod det #50, bolted directly to
#	LO plate w/g atten; atten=5000; modulator = +300
# 23sep97 - changed all loop gains by +0.3
# 08sep05 - Commented out measured power, vop, mmerrv
#
# $Id: h138.tab,v 1.3 2005/09/22 00:59:49 colby Exp $
#
#| lo    | osctarg | oscbcktarg | vop | lgain |
#| r     | i       | i          | r   | r     |
 115.000  32593      24967       9.00   5.30 #   0.00142    8.97   0.16
 114.800  32575      24835       9.10   5.30 #   0.00136    9.10  -0.11
 114.600  32550      24703       9.20   5.30 #   0.00125    9.20  -0.15
 114.400  32515      24572       9.30   5.30 #   0.00117    9.29  -0.03
 114.200  32498      24440       9.40   5.30 #   0.00118    9.39  -0.08
 114.000  32468      24309       9.50   5.30 #   0.00135    9.49  -0.02
 113.800  32447      24177       9.50   5.30 #   0.00156    9.49  -0.05
 113.600  32428      24045       9.50   5.30 #   0.00183    9.49  -0.01
 113.400  32402      23913       9.50   5.30 #   0.00211    9.48   0.01
 113.200  32381      23781       9.50   5.30 #   0.00232    9.46   0.25
 113.000  32362      23650       9.50   5.30 #   0.00255    9.48   0.08
 112.800  32333      23597       9.50   5.30 #   0.00294    9.48   0.03
 112.600  32313      23544       9.50   5.30 #   0.00335    9.48   0.01
 112.400  32283      23491       9.50   5.30 #   0.00345    9.49   0.01
 112.200  32259      23438       9.50   5.30 #   0.00331    9.48   0.13
 112.000  32237      23386       9.50   5.30 #   0.00375    9.49  -0.02
 111.800  32218      23240       9.50   5.30 #   0.00445    9.49   0.04
 111.600  32187      23095       9.50   5.30 #   0.00531    9.47   0.22
 111.400  32159      22950       9.50   5.30 #   0.00618    9.47   0.23
 111.200  32141      22805       9.50   5.30 #   0.00716    9.48   0.09
 111.000  32112      22661       9.50   5.30 #   0.00831    9.50  -0.07
 110.800  32091      22516       9.50   5.30 #   0.00918    9.49   0.06
 110.600  32065      22371       9.50   5.30 #   0.00930    9.46   0.28
 110.400  32040      22226       9.50   5.30 #   0.00945    9.46   0.31
 110.200  32012      22081       9.50   5.30 #   0.00881    9.47   0.16
 110.000  31982      21937       9.50   5.30 #   0.00738    9.48   0.11
 110.000  31982      30637       9.50   5.30 #   0.00738    9.48   0.11
 109.800  31961      30553       9.50   5.30 #   0.01418    9.50  -0.05
 109.600  31940      30474       9.50   5.30 #   0.01425    9.48   0.19
 109.200  31883      30316       9.50   5.30 #   0.01441    9.49   0.03
 109.000  31859      30237       9.50   5.30 #   0.01395    9.48   0.16
 108.800  31826      30157       9.50   5.30 #   0.01424    9.48   0.13
 108.600  31798      30078       9.50   5.30 #   0.01500    9.49   0.01
 108.400  31773      29999       9.50   5.30 #   0.01562    9.49  -0.01
 108.200  31744      29920       9.50   5.30 #   0.01470    9.24   3.11
 108.000  31720      29842       9.50   5.30 #   0.01483    9.47   0.19
 107.800  31679      29789       9.50   5.30 #   0.01446    9.47   0.18
 107.600  31656      29736       9.50   5.30 #   0.01446    9.49   0.07
 107.400  31622      29683       9.50   5.30 #   0.01488    9.48   0.14
 107.200  31586      29630       9.50   5.30 #   0.01536    9.48   0.20
 107.000  31560      29578       9.50   5.30 #   0.01551    9.50  -0.00
 106.800  31532      29525       9.50   5.30 #   0.01405    9.48   0.18
 106.600  31493      29472       9.50   5.30 #   0.01417    9.50   0.04
 106.400  31462      29419       9.50   5.30 #   0.01541    9.50  -0.01
 106.200  31438      29367       9.50   5.30 #   0.01650    9.50  -0.03
 106.000  31398      29315       9.50   5.30 #   0.01747    9.51  -0.04
 105.800  31366      29262       9.50   5.30 #   0.01768    9.50   0.07
 105.600  31335      29209       9.50   5.30 #   0.01694    9.50   0.06
 105.400  31296      29156       9.50   5.30 #   0.01616    9.48   0.25
 105.200  31267      29103       9.50   5.30 #   0.01689    9.49   0.14
 105.000  31226      29051       9.50   5.30 #   0.01825    9.49   0.11
 104.800  31199      28998       9.50   5.30 #   0.01983    9.49   0.20
 104.600  31164      28945       9.50   5.30 #   0.02047    9.49   0.20
 104.400  31124      28892       9.50   5.30 #   0.02032    9.50   0.09
 104.200  31083      28840       9.50   5.30 #   0.02082    9.48   0.25
 104.000  31049      28788       9.50   5.30 #   0.02259    9.48   0.21
 103.800  31006      28722       9.50   5.30 #   0.02541    9.50   0.08
 103.600  30977      28656       9.50   5.30 #   0.02828    9.51   0.02
 103.400  30940      28590       9.50   5.30 #   0.02779    9.50   0.05
 103.200  30908      28524       9.50   5.30 #   0.02505    9.48   0.27
 103.000  30866      28459       9.50   5.30 #   0.02357    9.49   0.18
 102.800  30827      28393       9.50   5.30 #   0.02383    9.50   0.07
 102.600  30780      28327       9.50   5.30 #   0.02602    9.50   0.12
 102.400  30743      28261       9.50   5.30 #   0.02978    9.50   0.10
 102.200  30702      28195       9.50   5.30 #   0.03147    9.50   0.09
 102.000  30667      28130       9.50   5.30 #   0.03105    9.49   0.25
 101.800  30626      28130       9.50   5.30 #   0.03095    9.50   0.06
 101.600  30585      28130       9.50   5.30 #   0.03155    9.50   0.10
 101.400  30545      28130       9.50   5.30 #   0.03473    9.49   0.22
 101.200  30502      28130       9.50   5.30 #   0.03641    9.48   0.25
 101.000  30468      28130       9.50   5.30 #   0.03377    9.49   0.21
 100.800  30433      28130       9.50   5.30 #   0.02854    9.49   0.19
 100.600  30394      28130       9.50   5.30 #   0.02145    9.50   0.11
 100.400  30355      28130       9.50   5.30 #   0.01306    9.50   0.09
 100.200  30310      28130       9.50   5.30 #   0.00828    9.50   0.14
 100.000  30273      28130       9.50   5.30 #   0.00887    9.49   0.18
  99.800  30216      28050       9.50   5.30 #   0.01366    9.49   0.16
  99.600  30170      27971       9.50   5.30 #   0.01902    9.50   0.08
  99.400  30123      27892       9.50   5.30 #   0.02161    9.49   0.15
  99.200  30082      27813       9.50   5.30 #   0.02407    9.48   0.24
  99.000  30025      27734       9.50   5.30 #   0.02843    9.49   0.22
  98.800  29971      27654       9.50   5.30 #   0.03494    9.49   0.14
  98.600  29925      27575       9.50   5.30 #   0.04173    9.49   0.16
  98.400  29881      27496       9.50   5.30 #   0.04518    9.50   0.10
  98.200  29837      27417       9.50   5.30 #   0.04573    9.50   0.15
  98.000  29785      27339       9.50   5.30 #   0.04739    9.49   0.23
  97.800  29717      27286       9.50   5.30 #   0.05149    9.50   0.09
  97.600  29677      27233       9.50   5.30 #   0.05725    9.49   0.24
  97.400  29635      27180       9.50   5.30 #   0.06364    9.49   0.24
  97.000  29540      27075       9.50   5.30 #   0.06632    9.50   0.14
  96.800  29484      27022       9.50   5.30 #   0.06939    9.50   0.13
  96.600  29422      26969       9.50   5.30 #   0.07607    9.50   0.18
  96.400  29349      26916       9.50   5.30 #   0.08821    9.50   0.12
  96.200  29309      26864       9.50   5.30 #   0.09614    9.50   0.16
  96.000  29260      26812       9.50   5.30 #   0.09650    9.49   0.23
  95.800  29208      26680       9.50   5.30 #   0.09742    9.49   0.20
  95.600  29141      26548       9.50   5.30 #   0.09944    9.50   0.14
  95.400  29076      26416       9.50   5.30 #   0.10569    9.49   0.21
  95.200  29009      26284       9.50   5.30 #   0.11446    9.50   0.19
  95.000  28955      26153       9.50   5.30 #   0.11792    9.49   0.24
  94.800  28900      26021       9.50   5.30 #   0.11821    9.49   0.28
  94.600  28843      25889       9.50   5.30 #   0.11953    9.49   0.26
  94.400  28782      25757       9.50   5.30 #   0.12343    9.49   0.20
  94.200  28714      25625       9.50   5.30 #   0.13129    9.49   0.16
  94.000  28648      25494       9.50   5.30 #   0.13945    9.48   0.27
  93.800  28581      25257       9.50   5.30 #   0.14639    9.48   0.23
  93.600  28525      25019       9.50   5.30 #   0.14830    9.49   0.16
  93.400  28459      24782       9.50   5.30 #   0.14470    9.49   0.19
  93.200  28378      24545       9.50   5.30 #   0.14669    9.50   0.15
  93.000  28302      24308       9.50   5.30 #   0.15222    9.49   0.19
  92.800  28224      24071       9.50   5.30 #   0.16111    9.49   0.20
  92.600  28158      23834       9.50   5.30 #   0.16976    9.49   0.21
  92.400  28098      23597       9.50   5.30 #   0.16654    9.48   0.27
  92.200  28030      23360       9.50   5.30 #   0.16619    9.48   0.27
  92.000  27944      23123       9.50   5.30 #   0.17083    9.49   0.19
  91.800  27866      22833       9.50   5.30 #   0.17611    9.49   0.20
  91.600  27787      22543       9.50   5.30 #   0.18247    9.49   0.21
  91.400  27726      22253       9.50   5.30 #   0.18269    9.49   0.25
  91.200  27651      21963       9.50   5.30 #   0.18147    9.48   0.28
  91.000  27570      21673       9.50   5.30 #   0.18360    9.49   0.26
  90.800  27480      21383       9.50   5.20 #   0.18819    9.49   0.25
  90.600  27395      21093       9.50   5.20 #   0.19546    9.49   0.22
  90.400  27314      20803       9.50   5.20 #   0.19697    9.49   0.26
  90.200  27248      20514       9.50   5.20 #   0.19515    9.50   0.22
  90.000  27175      20224       9.50   5.20 #   0.19382    9.50   0.19
  90.000  27175      30924       9.50   5.20 #   0.19382    9.50   0.19
  89.800  27083      30659       9.50   5.20 #   0.19579    9.49   0.22
  89.600  26989      30291       9.50   5.20 #   0.20076    9.49   0.19
  89.400  26893      29922       9.50   5.20 #   0.20636    9.49   0.24
  89.200  26804      29553       9.50   5.20 #   0.21024    9.50   0.20
  89.000  26725      29184       9.50   5.20 #   0.21137    9.49   0.27
  88.800  26654      29052       9.50   5.20 #   0.20827    9.49   0.27
  88.600  26561      28920       9.50   5.20 #   0.20850    9.50   0.23
  88.400  26461      28788       9.50   5.20 #   0.21354    9.50   0.21
  88.200  26373      28656       9.50   5.20 #   0.21551    9.50   0.20
  88.000  26290      28525       9.50   5.20 #   0.21777    9.50   0.18
  87.800  26228      28340       9.50   5.20 #   0.21446    9.51   0.16
  87.600  26142      28156       9.50   5.10 #   0.20967    9.50   0.25
  87.400  26044      27972       9.50   5.10 #   0.21087    9.49   0.28
  87.200  25934      27787       9.50   5.10 #   0.21271    9.50   0.22
  87.000  25823      27603       9.50   5.10 #   0.21734    9.50   0.22
  86.800  25742      27655       9.50   5.10 #   0.21823    9.49   0.26
  86.600  25676      27707       9.50   5.10 #   0.21128    9.50   0.23
  86.400  25589      27760       9.50   5.10 #   0.20817    9.50   0.22
  86.200  25488      27813       9.50   5.10 #   0.20775    9.50   0.21
  86.000  25381      27865       9.50   5.10 #   0.21258    9.50   0.22
  85.800  25268      27734       9.50   5.10 #   0.21789    9.50   0.18
  85.600  25175      27602       9.50   5.10 #   0.21478    9.50   0.20
  85.400  25087      27470       9.50   5.10 #   0.21001    9.51   0.15
  85.200  24998      27338       9.50   5.10 #   0.20070    9.44   0.14
  85.000  24892      27207       9.50   5.10 #   0.19253    9.50   0.24
  84.800  24784      27390       9.50   5.10 #   0.19493    9.50   0.21
  84.600  24684      27575       9.50   5.10 #   0.19393    9.51   0.20
  84.400  24598      27759       9.50   5.10 #   0.18411    9.50   0.22
  84.200  24512      27944       9.50   5.10 #   0.16442    9.50   0.20
  84.000  24414      28129       9.50   5.10 #   0.15177    9.51   0.20
  83.800  24300      28077       9.50   5.10 #   0.14353    9.50   0.25
  83.600  24194      28024       9.50   5.00 #   0.13550    9.51   0.17
  83.400  24094      27971       9.50   5.00 #   0.12911    9.51   0.21
  83.200  24003      27918       9.50   5.00 #   0.11005    9.51   0.18
  83.000  23912      27866       9.50   5.00 #   0.08513    9.51   0.18
  82.800  23809      27866       9.50   5.00 #   0.06202    9.50   0.22
  82.600  23710      27866       9.50   5.00 #   0.04406    9.51   0.15
  82.400  23607      27866       9.50   5.00 #   0.03000    9.51   0.20
  82.201  23504      27866       9.50   5.00 #   0.01578    9.50   0.21
  82.001  23403      28000       9.50   5.00 #   0.00447    9.49   0.29
  81.801  23287      28076       9.50   5.00 #   0.00014    9.50   0.17
  81.601  23195      28287       9.50   5.00 #   0.00482    9.49   0.29
  81.401  23077      28288       9.50   5.00 #   0.02093    9.50   0.25
  81.201  22959      28077       9.50   5.00 #   0.03997    9.51   0.15
  81.001  22846      27866       9.50   5.00 #   0.05828    9.50   0.19
  80.801  22722      27708       9.50   5.00 #   0.07334    9.50   0.26
  80.601  22615      27550       9.50   5.00 #   0.08009    9.50   0.19
  80.401  22505      27287       9.50   4.90 #   0.07390    9.50   0.27
  80.201  22403      26918       9.50   4.90 #   0.06228    9.50   0.26
  80.001  22298      26548       9.50   4.90 #   0.05909    9.49   0.28
  79.801  22167      26495       9.50   4.90 #   0.07726    9.51   0.13
  79.601  22041      26443       9.50   4.90 #   0.09271    9.50   0.29
  79.401  21919      26312       9.50   4.80 #   0.08785    9.50   0.31
  79.201  21804      26101       9.50   4.80 #   0.07954    9.50   0.28
  79.001  21686      25890       9.50   4.80 #   0.07823    9.50   0.29
  78.801  21547      25758       9.50   4.80 #   0.08856    9.50   0.26
  78.601  21422      25626       9.50   4.80 #   0.10059    9.51   0.18
  78.401  21291      25494       9.50   4.70 #   0.09954    9.51   0.14
  78.201  21158      25362       9.50   4.70 #   0.09387    9.50   0.28
  78.001  21015      25231       9.50   4.60 #   0.09393    9.50   0.24
  77.801  20891      25073       9.50   4.60 #   0.09965    9.51   0.16
  77.601  20756      24915       9.50   4.60 #   0.10872    9.49   0.34
  77.401  20641      24731       9.50   4.60 #   0.10717    9.50   0.25
  77.201  20544      24520       9.50   4.60 #   0.09770    9.50   0.23
  77.001  20441      24309       9.50   4.60 #   0.08409    9.49   0.29
  76.801  20338      24098       9.50   4.60 #   0.07886    9.50   0.26
  76.601  20211      23888       9.50   4.60 #   0.07887    9.50   0.16
  76.401  20110      23703       9.50   4.60 #   0.07804    9.50   0.22
  76.201  19975      23544       9.50   4.50 #   0.07836    9.51   0.16
  76.001  19852      23386       9.50   4.50 #   0.07664    9.50   0.26
  75.801  19740      23228       9.50   4.50 #   0.07784    9.51   0.10
  75.601  19613      23070       9.50   4.50 #   0.07822    9.50   0.21
  75.401  19526      22886       9.50   4.50 #   0.07481    9.50   0.17
  75.201  19437      22675       9.50   4.50 #   0.06696    9.49   0.25
  75.001  19351      22464       9.50   4.50 #   0.06500    9.51   0.13
  74.801  19248      22253       9.50   4.40 #   0.06268    9.49   0.28
  74.601  19143      22043       9.50   4.40 #   0.06085    9.49   0.24
  74.401  19029      21858       9.50   4.40 #   0.05656    9.50   0.15
  74.201  18914      21700       9.50   4.50 #   0.05182    9.50   0.16
  74.001  18785      21542       9.50   4.50 #   0.05054    9.49   0.25
  73.801  18649      21384       9.50   4.60 #   0.04934    9.49   0.20
  73.601  18515      21225       9.50   4.70 #   0.04169    9.50   0.15
  73.401  18324      21146       9.50   4.80 #   0.03296    9.25   2.50
  73.201  18250      20946       9.50   4.90 #   0.09060    9.56  -0.28
  73.001  18258      20846       9.50   4.90 #   0.09079    9.49   0.20
  72.801  18021      20725       9.50   5.00 #   0.08108    9.45   1.53
  72.601  17863      20304       9.50   5.10 #   0.03318    9.37   1.26
  72.401  17762      20065       9.50   5.20 #   0.02858    9.47   0.27
  72.201  17651      20013       9.50   5.20 #   0.08657    9.47   1.64
  72.001  17640      19961       9.50   5.20 #   0.09681    9.49   0.11
  71.801  17576      20118       9.50   5.10 #   0.08528    9.49   0.10
  71.601  17476      20276       9.50   5.00 #   0.06906    9.47   0.28
  71.601  17476      29506       9.50   5.00 #   0.06906    9.47   0.28
  71.401  17374      29368       9.50   4.90 #   0.05215    9.47   0.28
  71.201  17250      29210       9.50   4.80 #   0.05514    9.48   0.22
  71.001  17138      29052       9.50   4.80 #   0.05803    9.48   0.23
  70.801  17018      29052       9.50   4.80 #   0.04823    9.48   0.22
  70.601  16907      29052       9.50   4.80 #   0.04032    9.48   0.30
  70.401  16788      29025       9.50   4.80 #   0.04183    9.50   0.09
  70.201  16670      28972       9.50   4.80 #   0.05051    9.48   0.24
  70.001  16565      28920       9.50   4.80 #   0.04961    9.47   0.37
  69.801  16447      28867       9.50   4.80 #   0.04005    9.49   0.13
  69.601  16350      28814       9.50   4.80 #   0.03644    9.50   0.03
  69.401  16256      28761       9.50   4.80 #   0.04272    9.50   0.07
  69.201  16148      28709       9.50   4.80 #   0.04855    9.50   0.05
  69.001  16035      28657       9.50   4.80 #   0.03812    9.37   1.35
  68.801  15931      28446       9.50   4.80 #   0.03174    9.36   1.39
  68.601  15817      28236       9.50   4.80 #   0.03713    9.56  -0.55
  68.401  15684      28025       9.50   4.80 #   0.04912    9.72  -2.11
  68.201  15579      27814       9.50   4.80 #   0.04662    9.51   0.00
