# h262.osc
# 20sep99 - increase loop gain by 0.3 for all freqs
# 10jan2012 - decrease mmoscB values for freq < 100 GHz
# $Id: h262.tab,v 1.3 2012/06/24 16:00:21 control Exp $
#| lo  | osctarg | oscbcktarg | vop | lgain | mW | Vop | mmerr |
#| r      | i    | i    | r   | r    | r         | r    | r |
 120.800  32557  27845   8.50   5.30   -4.50000    0.00   0.00
 117.000  32373  24949   8.50   5.30   -3.50000    0.00   0.00
 116.500  32320  24685   8.50   5.30   -3.50000    0.00   0.00
 116.000  32241  24291   8.50   5.30   -2.80000    0.00   0.00
 115.000  32096  23632   8.50   5.30   -1.90000    0.00   0.00
 115.000  32070  23632   9.00   5.30   -1.80000    0.00   0.00
 114.000  31912  23106   9.00   5.30    0.30000    0.00   0.00
 114.000  31912  31267   9.00   5.30    0.30000    0.00   0.00
 113.000  31767  30872   9.00   5.30    2.10000    0.00   0.00
 113.000  31741  30872   9.50   5.30    2.80000    0.00   0.00
 112.000  31583  30477   9.50   5.30    3.30000    0.00   0.00
 111.000  31412  30082   9.50   5.30    4.00000    0.00   0.00
 110.000  31241  29687   9.50   5.30    4.70000    0.00   0.00
 109.000  31056  29556   9.50   5.30    5.10000    0.00   0.00
 108.000  30872  29424   9.50   5.30    4.20000    0.00   0.00
 107.000  30688  29029   9.50   5.30    4.40000    0.00   0.00
 106.000  30477  28634   9.50   5.30    5.50000    0.00   0.00
 105.000  30267  27976   9.50   5.30    6.00000    0.00   0.00
 104.000  30016  27186   9.50   5.30    8.00000    0.00   0.00
 103.000  29780  26397   9.50   5.20   10.30000    0.00   0.00
 102.000  29543  24817   9.50   5.20   11.40000    0.00   0.00
 101.000  29292  21790   9.50   5.20   11.20000    0.00   0.00
 100.500  29161  21790   9.50   5.20   10.10000    0.00   0.00
 100.300  29121  24949   9.50   5.20    9.10000    0.00   0.00
# 10jan2012 - reduce all mmosc values by 100 from 100 to 90
 100.000  28942  27450   9.50   5.10    8.50000    0.00   0.00
  99.500  28811  27581   9.50   5.10    6.10000    0.00   0.00
  99.000  28666  27450   9.50   5.10    3.10000    0.00   0.00
  98.500  28534  28108   9.50   5.10    0.40000    0.00   0.00
  98.300  28469  27845   9.50   5.10    2.60000    0.00   0.00
  98.000  28376  27845   9.50   5.10    3.10000    0.00   0.00
  97.800  28324  27581   9.50   5.10    3.50000    0.00   0.00
  97.500  28232  27581   9.50   5.10    5.20000    0.00   0.00
  97.000  28074  27318   9.50   5.10    6.40000    0.00   0.00
  96.500  27903  26923   9.50   5.10    6.90000    0.00   0.00
  96.000  27731  26792   9.50   5.10    7.50000    0.00   0.00
  94.800  27389  26528   9.50   5.10    9.10000    0.00   0.00
  94.000  27034  25870   9.50   5.10    9.80000    0.00   0.00
  93.000  26665  25344   9.50   5.10   10.60000    0.00   0.00
  92.000  26283  24685   9.50   5.10   11.00000    0.00   0.00
  91.000  25875  23632   9.50   5.10   11.30000    0.00   0.00
  90.000  25454  20342   9.50   5.10   11.00000    0.00   0.00
  89.000  25033  18499   9.50   5.10   10.60000    0.00   0.00
  88.500  24809  18104   9.50   5.10   10.30000    0.00   0.00
  88.000  24585  17314   9.50   5.10    9.20000    0.00   0.00
# 10jan2012 - reduce all mmosc values by 200 below here
  87.500  24275  17051   9.50   5.10    7.30000    0.00   0.00
  87.000  24051  16656   9.50   5.10    6.00000    0.00   0.00
  86.800  23941  16500   9.50   5.10    # add 24jun2012
#  86.500  22814  16393   9.50   5.10    4.40000    0.00   0.00
  86.000  23604  15998   9.50   5.10    0.00000    0.00   0.00
  85.800  23511  15735   9.50   5.10    0.10000    0.00   0.00
  85.600  23406  15735   9.50   5.10   -4.60000    0.00   0.00
  85.400  23340  15735   9.50   5.10   -4.50000    0.00   0.00
  85.400  23340  22448   9.50   5.10   -4.50000    0.00   0.00
  85.200  23248  22316   9.50   5.10   -1.50000    0.00   0.00
  85.100  23196  22185   9.50   5.10   -1.60000    0.00   0.00
  85.000  23143  22316   9.50   5.00   -0.30000    0.00   0.00
  84.500  22893  21131   9.50   5.00    3.00000    0.00   0.00
  84.000  22682  21131   9.50   4.90    4.30000    0.00   0.00
  83.500  22419  20342   9.50   4.90    8.30000    0.00   0.00
  83.000  22156  19289   9.50   4.90   11.70000    0.00   0.00
  82.500  21892  18367   9.50   4.90   12.40000    0.00   0.00
  82.000  21642  17709   9.50   4.90   13.00000    0.00   0.00
  81.500  21392  17183   9.50   4.90   12.60000    0.00   0.00
  81.500  21392  30609   9.50   4.90   12.60000    0.00   0.00
  81.000  21255  29424   9.50   4.90   12.60000    0.00   0.00
  80.500  20905  28634   9.50   4.90   12.60000    0.00   0.00
  80.000  20616  28108   9.50   4.90   13.60000    0.00   0.00
  79.500  20365  27581   9.50   4.90   13.70000    0.00   0.00
  79.000  20129  26923   9.50   4.90   12.50000    0.00   0.00
  79.000  20287  24291   9.50   4.70    2.40000    0.00   0.00
  78.500  20050  24027   9.50   4.70    3.90000    0.00   0.00
  78.000  19799  23764   9.50   4.60    2.30000    0.00   0.00
  77.500  19563  23369   9.50   4.60    1.60000    0.00   0.00
  77.000  19326  22843   9.50   4.60    1.60000    0.00   0.00
  76.500  19076  22579   9.50   4.60    3.00000    0.00   0.00
  76.000  18839  22316   9.50   4.60    0.60000    0.00   0.00
  76.000  18878  30346   9.50   4.60   -0.20000    0.00   0.00
  75.500  18641  30082   9.50   4.60    2.50000    0.00   0.00
# next point added 8 nov 02 - rp
  75.000  18200  29800   9.50   5.00    
  74.500  18128  29424   9.50   4.40    2.20000    0.00   0.00
# 74.300  18578  29556   9.50   4.60    0.80000    0.00   0.00
  74.000  17878  29424   9.50   4.40    2.40000    0.00   0.00
  73.500  17614  29161   9.50   4.40    0.00000    0.00   0.00
  73.000  17351  29029   9.50   4.40    2.70000    0.00   0.00
  72.500  17114  28108   9.50   4.30    1.60000    0.00   0.00
  72.000  16877  28239   9.50   4.30   -0.50000    0.00   0.00
  71.500  16627  28239   9.50   4.30    2.00000    0.00   0.00
  71.000  16522  27845   9.50   4.30    1.40000    0.00   0.00
  70.500  16140  27976   9.50   4.30   -2.00000    0.00   0.00
  70.000  15903  28371   9.50   4.30   -3.20000    0.00   0.00
  69.500  15653  28634   9.50   4.30   -1.00000    0.00   0.00
  69.000  15390  28634   9.50   4.30    0.00000    0.00   0.00
  68.500  15140  28766   9.50   4.30    0.30000    0.00   0.00
  68.000  14916  28371   9.50   4.30   -3.00000    0.00   0.00
  67.500  14600  28371   9.50   4.30   -0.10000    0.00   0.00
  67.000  14350  28239   9.50   4.30   -2.00000    0.00   0.00
  66.740  14192  28108   9.50   4.30   -2.00000    0.00   0.00
